[gd_scene load_steps=6 format=3 uid="uid://bwmliijrgkai8"]

[ext_resource type="Script" path="res://scripts/objetos/mesa.gd" id="1_ns3lt"]
[ext_resource type="PackedScene" uid="uid://bcin550dr53i2" path="res://esenas/objetos/silla.tscn" id="2_c7ob3"]
[ext_resource type="Script" path="res://esenas/objetos/PosisionEsperaComida.gd" id="3_l1o6q"]

[sub_resource type="CylinderMesh" id="CylinderMesh_rguj2"]
height = 0.6

[sub_resource type="CylinderShape3D" id="CylinderShape3D_vo5eq"]
height = 0.5
radius = 0.6

[node name="mesa" type="Area3D"]
collision_mask = 2
script = ExtResource("1_ns3lt")

[node name="mesa" type="CSGMesh3D" parent="."]
use_collision = true
mesh = SubResource("CylinderMesh_rguj2")

[node name="RigidBody3D" type="CollisionShape3D" parent="."]
transform = Transform3D(1, 0, 0, 0, 1, 0, 0, 0, 1, 0, 0.711558, 0)
shape = SubResource("CylinderShape3D_vo5eq")

[node name="sillas" type="Node3D" parent="."]

[node name="silla1" parent="sillas" instance=ExtResource("2_c7ob3")]
transform = Transform3D(1, 0, 0, 0, 1, 0, 0, 0, 1, 0, 0, -1.22757)

[node name="posisionesEspera" type="Node3D" parent="."]

[node name="PosisionEspera1" type="Marker3D" parent="posisionesEspera"]
transform = Transform3D(1, 0, 0, 0, 0.743938, 0.668248, 0, -0.668248, 0.743938, 0.09, 0.445, 0.09)
script = ExtResource("3_l1o6q")

[node name="posisionEspera2" type="Marker3D" parent="posisionesEspera"]
transform = Transform3D(1, 0, 0, 0, 0.743938, 0.668248, 0, -0.668248, 0.743938, -0.09, 0.445, 0.09)

[node name="posisionEspera3" type="Marker3D" parent="posisionesEspera"]
transform = Transform3D(1, 0, 0, 0, 0.743938, 0.668248, 0, -0.668248, 0.743938, 0.09, 0.445, -0.09)

[node name="posisionEspera4" type="Marker3D" parent="posisionesEspera"]
transform = Transform3D(1, 0, 0, 0, 0.743938, 0.668248, 0, -0.668248, 0.743938, -0.09, 0.445, -0.09)

[node name="Marker3D" type="Marker3D" parent="."]

[connection signal="body_entered" from="." to="." method="_on_body_entered"]
